7
10 2
1 1 1 1 1 1 1 1 1 1 
1000000000000000000 99999999999999999
3 4
-1000000000 -1000000000 -1000000000
1000000000000000000 1000000000 0 1
3 2
4 5 6
8 30
3 4
0 0 0 
0 1000000000 1000000000000000000 1
10 4
1000000000 1000000000 1000000000 1000000000 1000000000 1000000000 1000000000 1000000000 0 0
2 8 1000000000 1
10 3
1000000000 1000000000 1000000000 1000000000 1000000000 1000000000 1000000000 1000000000 1000000000 1000000000
1000000000000000000 1000000000000000000 1
100 31 
1000000000 1000000000 1000000000 1000000000 1000000000 1000000000 1000000000 1000000000 1000000000 1000000000 1000000000 1000000000 1000000000 1000000000 1000000000 1000000000 1000000000 1000000000 1000000000 1000000000 1000000000 1000000000 1000000000 1000000000 1000000000 1000000000 1000000000 1000000000 1000000000 1000000000 1000000000 1000000000 1000000000 1000000000 1000000000 1000000000 1000000000 1000000000 1000000000 1000000000 1000000000 1000000000 1000000000 1000000000 1000000000 1000000000 1000000000 1000000000 1000000000 1000000000 1000000000 1000000000 1000000000 1000000000 1000000000 1000000000 1000000000 1000000000 1000000000 1000000000 1000000000 1000000000 1000000000 1000000000 1000000000 1000000000 1000000000 1000000000 1000000000 1000000000 1000000000 1000000000 1000000000 1000000000 1000000000 1000000000 1000000000 1000000000 1000000000 1000000000 1000000000 1000000000 1000000000 1000000000 1000000000 1000000000 1000000000 1000000000 1000000000 1000000000 1000000000 1000000000 1000000000 1000000000 1000000000 1000000000 1000000000 1000000000 1000000000 1000000000 
1000000000000000000 0 1000000000000000000 1000000000000000000 0 1000000000000000000 1000000000000000000 0 1000000000000000000 1000000000000000000 0 1000000000000000000 1000000000000000000 0 1000000000000000000 1000000000000000000 0 1000000000000000000 1000000000000000000 0 1000000000000000000 1000000000000000000 0 1000000000000000000 1000000000000000000 