1
2500
0 0
1 -1
4 -4
9 -9
16 -16
25 -25
36 -36
49 -49
64 -64
81 -81
100 -100
121 -121
144 -144
169 -169
196 -196
225 -225
256 -256
289 -289
324 -324
361 -361
400 -400
441 -441
484 -484
529 -529
576 -576
625 -625
676 -676
729 -729
784 -784
841 -841
900 -900
961 -961
1024 -1024
1089 -1089
1156 -1156
1225 -1225
1296 -1296
1369 -1369
1444 -1444
1521 -1521
1600 -1600
1681 -1681
1764 -1764
1849 -1849
1936 -1936
2025 -2025
2116 -2116
2209 -2209
2304 -2304
2401 -2401
2500 -2500
2601 -2601
2704 -2704
2809 -2809
2916 -2916
3025 -3025
3136 -3136
3249 -3249
3364 -3364
3481 -3481
3600 -3600
3721 -3721
3844 -3844
3969 -3969
4096 -4096
4225 -4225
4356 -4356
4489 -4489
4624 -4624
4761 -4761
4900 -4900
5041 -5041
5184 -5184
5329 -5329
5476 -5476
5625 -5625
5776 -5776
5929 -5929
6084 -6084
6241 -6241
6400 -6400
6561 -6561
6724 -6724
6889 -6889
7056 -7056
7225 -7225
7396 -7396
7569 -7569
7744 -7744
7921 -7921
8100 -8100
8281 -8281
8464 -8464
8649 -8649
8836 -8836
9025 -9025
9216 -9216
9409 -9409
9604 -9604
9801 -9801
10000 -10000
10201 -10201
10404 -10404
10609 -10609
10816 -10816
11025 -11025
11236 -11236
11449 -11449
11664 -11664
11881 -11881
12100 -12100
12321 -12321
12544 -12544
12769 -12769
12996 -12996
13225 -13225
13456 -13456
13689 -13689
13924 -13924
14161 -14161
14400 -14400
14641 -14641
14884 -14884
15129 -15129
15376 -15376
15625 -15625
15876 -15876
16129 -16129
16384 -16384
16641 -16641
16900 -16900
17161 -17161
17424 -17424
17689 -17689
17956 -17956
18225 -18225
18496 -18496
18769 -18769
19044 -19044
19321 -19321
19600 -19600
19881 -19881
20164 -20164
20449 -20449
20736 -20736
21025 -21025
21316 -21316
21609 -21609
21904 -21904
22201 -22201
22500 -22500
22801 -22801
23104 -23104
23409 -23409
23716 -23716
24025 -24025
24336 -24336
24649 -24649
24964 -24964
25281 -25281
25600 -25600
25921 -25921
26244 -26244
26569 -26569
26896 -26896
27225 -27225
27556 -27556
27889 -27889
28224 -28224
28561 -28561
28900 -28900
29241 -29241
29584 -29584
29929 -29929
30276 -30276
30625 -30625
30976 -30976
31329 -31329
31684 -31684
32041 -32041
32400 -32400
32761 -32761
33124 -33124
33489 -33489
33856 -33856
34225 -34225
34596 -34596
34969 -34969
35344 -35344
35721 -35721
36100 -36100
36481 -36481
36864 -36864
37249 -37249
37636 -37636
38025 -38025
38416 -38416
38809 -38809
39204 -39204
39601 -39601
40000 -40000
40401 -40401
40804 -40804
41209 -41209
41616 -41616
42025 -42025
42436 -42436
42849 -42849
43264 -43264
43681 -43681
44100 -44100
44521 -44521
44944 -44944
45369 -45369
45796 -45796
46225 -46225
46656 -46656
47089 -47089
47524 -47524
47961 -47961
48400 -48400
48841 -48841
49284 -49284
49729 -49729
50176 -50176
50625 -50625
51076 -51076
51529 -51529
51984 -51984
52441 -52441
52900 -52900
53361 -53361
53824 -53824
54289 -54289
54756 -54756
55225 -55225
55696 -55696
56169 -56169
56644 -56644
57121 -57121
57600 -57600
58081 -58081
58564 -58564
59049 -59049
59536 -59536
60025 -60025
60516 -60516
61009 -61009
61504 -61504
62001 -62001
62500 -62500
63001 -63001
63504 -63504
64009 -64009
64516 -64516
65025 -65025
65536 -65536
66049 -66049
66564 -66564
67081 -67081
67600 -67600
68121 -68121
68644 -68644
69169 -69169
69696 -69696
70225 -70225
70756 -70756
71289 -71289
71824 -71824
72361 -72361
72900 -72900
73441 -73441
73984 -73984
74529 -74529
75076 -75076
75625 -75625
76176 -76176
76729 -76729
77284 -77284
77841 -77841
78400 -78400
78961 -78961
79524 -79524
80089 -80089
80656 -80656
81225 -81225
81796 -81796
82369 -82369
82944 -82944
83521 -83521
84100 -84100
84681 -84681
85264 -85264
85849 -85849
86436 -86436
87025 -87025
87616 -87616
88209 -88209
88804 -88804
89401 -89401
90000 -90000
90601 -90601
91204 -91204
91809 -91809
92416 -92416
93025 -93025
93636 -93636
94249 -94249
94864 -94864
95481 -95481
96100 -96100
96721 -96721
97344 -97344
97969 -97969
98596 -98596
99225 -99225
99856 -99856
100489 -100489
101124 -101124
101761 -101761
102400 -102400
103041 -103041
103684 -103684
104329 -104329
104976 -104976
105625 -105625
106276 -106276
106929 -106929
107584 -107584
108241 -108241
108900 -108900
109561 -109561
110224 -110224
110889 -110889
111556 -111556
112225 -112225
112896 -112896
113569 -113569
114244 -114244
114921 -114921
115600 -115600
116281 -116281
116964 -116964
117649 -117649
118336 -118336
119025 -119025
119716 -119716
120409 -120409
121104 -121104
121801 -121801
122500 -122500
123201 -123201
123904 -123904
124609 -124609
125316 -125316
126025 -126025
126736 -126736
127449 -127449
128164 -128164
128881 -128881
129600 -129600
130321 -130321
131044 -131044
131769 -131769
132496 -132496
133225 -133225
133956 -133956
134689 -134689
135424 -135424
136161 -136161
136900 -136900
137641 -137641
138384 -138384
139129 -139129
139876 -139876
140625 -140625
141376 -141376
142129 -142129
142884 -142884
143641 -143641
144400 -144400
145161 -145161
145924 -145924
146689 -146689
147456 -147456
148225 -148225
148996 -148996
149769 -149769
150544 -150544
151321 -151321
152100 -152100
152881 -152881
153664 -153664
154449 -154449
155236 -155236
156025 -156025
156816 -156816
157609 -157609
158404 -158404
159201 -159201
160000 -160000
160801 -160801
161604 -161604
162409 -162409
163216 -163216
164025 -164025
164836 -164836
165649 -165649
166464 -166464
167281 -167281
168100 -168100
168921 -168921
169744 -169744
170569 -170569
171396 -171396
172225 -172225
173056 -173056
173889 -173889
174724 -174724
175561 -175561
176400 -176400
177241 -177241
178084 -178084
178929 -178929
179776 -179776
180625 -180625
181476 -181476
182329 -182329
183184 -183184
184041 -184041
184900 -184900
185761 -185761
186624 -186624
187489 -187489
188356 -188356
189225 -189225
190096 -190096
190969 -190969
191844 -191844
192721 -192721
193600 -193600
194481 -194481
195364 -195364
196249 -196249
197136 -197136
198025 -198025
198916 -198916
199809 -199809
200704 -200704
201601 -201601
202500 -202500
203401 -203401
204304 -204304
205209 -205209
206116 -206116
207025 -207025
207936 -207936
208849 -208849
209764 -209764
210681 -210681
211600 -211600
212521 -212521
213444 -213444
214369 -214369
215296 -215296
216225 -216225
217156 -217156
218089 -218089
219024 -219024
219961 -219961
220900 -220900
221841 -221841
222784 -222784
223729 -223729
224676 -224676
225625 -225625
226576 -226576
227529 -227529
228484 -228484
229441 -229441
230400 -230400
231361 -231361
232324 -232324
233289 -233289
234256 -234256
235225 -235225
236196 -236196
237169 -237169
238144 -238144
239121 -239121
240100 -240100
241081 -241081
242064 -242064
243049 -243049
244036 -244036
245025 -245025
246016 -246016
247009 -247009
248004 -248004
249001 -249001
250000 -250000
251001 -251001
252004 -252004
253009 -253009
254016 -254016
255025 -255025
256036 -256036
257049 -257049
258064 -258064
259081 -259081
260100 -260100
261121 -261121
262144 -262144
263169 -263169
264196 -264196
265225 -265225
266256 -266256
267289 -267289
268324 -268324
269361 -269361
270400 -270400
271441 -271441
272484 -272484
273529 -273529
274576 -274576
275625 -275625
276676 -276676
277729 -277729
278784 -278784
279841 -279841
280900 -280900
281961 -281961
283024 -283024
284089 -284089
285156 -285156
286225 -286225
287296 -287296
288369 -288369
289444 -289444
290521 -290521
291600 -291600
292681 -292681
293764 -293764
294849 -294849
295936 -295936
297025 -297025
298116 -298116
299209 -299209
300304 -300304
301401 -301401
302500 -302500
303601 -303601
304704 -304704
305809 -305809
306916 -306916
308025 -308025
309136 -309136
310249 -310249
311364 -311364
312481 -312481
313600 -313600
314721 -314721
315844 -315844
316969 -316969
318096 -318096
319225 -319225
320356 -320356
321489 -321489
322624 -322624
323761 -323761
324900 -324900
326041 -326041
327184 -327184
328329 -328329
329476 -329476
330625 -330625
331776 -331776
332929 -332929
334084 -334084
335241 -335241
336400 -336400
337561 -337561
338724 -338724
339889 -339889
341056 -341056
342225 -342225
343396 -343396
344569 -344569
345744 -345744
346921 -346921
348100 -348100
349281 -349281
350464 -350464
351649 -351649
352836 -352836
354025 -354025
355216 -355216
356409 -356409
357604 -357604
358801 -358801
360000 -360000
361201 -361201
362404 -362404
363609 -363609
364816 -364816
366025 -366025
367236 -367236
368449 -368449
369664 -369664
370881 -370881
372100 -372100
373321 -373321
374544 -374544
375769 -375769
376996 -376996
378225 -378225
379456 -379456
380689 -380689
381924 -381924
383161 -383161
384400 -384400
385641 -385641
386884 -386884
388129 -388129
389376 -389376
390625 -390625
391876 -391876
393129 -393129
394384 -394384
395641 -395641
396900 -396900
398161 -398161
399424 -399424
400689 -400689
401956 -401956
403225 -403225
404496 -404496
405769 -405769
407044 -407044
408321 -408321
409600 -409600
410881 -410881
412164 -412164
413449 -413449
414736 -414736
416025 -416025
417316 -417316
418609 -418609
419904 -419904
421201 -421201
422500 -422500
423801 -423801
425104 -425104
426409 -426409
427716 -427716
429025 -429025
430336 -430336
431649 -431649
432964 -432964
434281 -434281
435600 -435600
436921 -436921
438244 -438244
439569 -439569
440896 -440896
442225 -442225
443556 -443556
444889 -444889
446224 -446224
447561 -447561
448900 -448900
450241 -450241
451584 -451584
452929 -452929
454276 -454276
455625 -455625
456976 -456976
458329 -458329
459684 -459684
461041 -461041
462400 -462400
463761 -463761
465124 -465124
466489 -466489
467856 -467856
469225 -469225
470596 -470596
471969 -471969
473344 -473344
474721 -474721
476100 -476100
477481 -477481
478864 -478864
480249 -480249
481636 -481636
483025 -483025
484416 -484416
485809 -485809
487204 -487204
488601 -488601
490000 -490000
491401 -491401
492804 -492804
494209 -494209
495616 -495616
497025 -497025
498436 -498436
499849 -499849
501264 -501264
502681 -502681
504100 -504100
505521 -505521
506944 -506944
508369 -508369
509796 -509796
511225 -511225
512656 -512656
514089 -514089
515524 -515524
516961 -516961
518400 -518400
519841 -519841
521284 -521284
522729 -522729
524176 -524176
525625 -525625
527076 -527076
528529 -528529
529984 -529984
531441 -531441
532900 -532900
534361 -534361
535824 -535824
537289 -537289
538756 -538756
540225 -540225
541696 -541696
543169 -543169
544644 -544644
546121 -546121
547600 -547600
549081 -549081
550564 -550564
552049 -552049
553536 -553536
555025 -555025
556516 -556516
558009 -558009
559504 -559504
561001 -561001
562500 -562500
564001 -564001
565504 -565504
567009 -567009
568516 -568516
570025 -570025
571536 -571536
573049 -573049
574564 -574564
576081 -576081
577600 -577600
579121 -579121
580644 -580644
582169 -582169
583696 -583696
585225 -585225
586756 -586756
588289 -588289
589824 -589824
591361 -591361
592900 -592900
594441 -594441
595984 -595984
597529 -597529
599076 -599076
600625 -600625
602176 -602176
603729 -603729
605284 -605284
606841 -606841
608400 -608400
609961 -609961
611524 -611524
613089 -613089
614656 -614656
616225 -616225
617796 -617796
619369 -619369
620944 -620944
622521 -622521
624100 -624100
625681 -625681
627264 -627264
628849 -628849
630436 -630436
632025 -632025
633616 -633616
635209 -635209
636804 -636804
638401 -638401
640000 -640000
641601 -641601
643204 -643204
644809 -644809
646416 -646416
648025 -648025
649636 -649636
651249 -651249
652864 -652864
654481 -654481
656100 -656100
657721 -657721
659344 -659344
660969 -660969
662596 -662596
664225 -664225
665856 -665856
667489 -667489
669124 -669124
670761 -670761
672400 -672400
674041 -674041
675684 -675684
677329 -677329
678976 -678976
680625 -680625
682276 -682276
683929 -683929
685584 -685584
687241 -687241
688900 -688900
690561 -690561
692224 -692224
693889 -693889
695556 -695556
697225 -697225
698896 -698896
700569 -700569
702244 -702244
703921 -703921
705600 -705600
707281 -707281
708964 -708964
710649 -710649
712336 -712336
714025 -714025
715716 -715716
717409 -717409
719104 -719104
720801 -720801
722500 -722500
724201 -724201
725904 -725904
727609 -727609
729316 -729316
731025 -731025
732736 -732736
734449 -734449
736164 -736164
737881 -737881
739600 -739600
741321 -741321
743044 -743044
744769 -744769
746496 -746496
748225 -748225
749956 -749956
751689 -751689
753424 -753424
755161 -755161
756900 -756900
758641 -758641
760384 -760384
762129 -762129
763876 -763876
765625 -765625
767376 -767376
769129 -769129
770884 -770884
772641 -772641
774400 -774400
776161 -776161
777924 -777924
779689 -779689
781456 -781456
783225 -783225
784996 -784996
786769 -786769
788544 -788544
790321 -790321
792100 -792100
793881 -793881
795664 -795664
797449 -797449
799236 -799236
801025 -801025
802816 -802816
804609 -804609
806404 -806404
808201 -808201
810000 -810000
811801 -811801
813604 -813604
815409 -815409
817216 -817216
819025 -819025
820836 -820836
822649 -822649
824464 -824464
826281 -826281
828100 -828100
829921 -829921
831744 -831744
833569 -833569
835396 -835396
837225 -837225
839056 -839056
840889 -840889
842724 -842724
844561 -844561
846400 -846400
848241 -848241
850084 -850084
851929 -851929
853776 -853776
855625 -855625
857476 -857476
859329 -859329
861184 -861184
863041 -863041
864900 -864900
866761 -866761
868624 -868624
870489 -870489
872356 -872356
874225 -874225
876096 -876096
877969 -877969
879844 -879844
881721 -881721
883600 -883600
885481 -885481
887364 -887364
889249 -889249
891136 -891136
893025 -893025
894916 -894916
896809 -896809
898704 -898704
900601 -900601
902500 -902500
904401 -904401
906304 -906304
908209 -908209
910116 -910116
912025 -912025
913936 -913936
915849 -915849
917764 -917764
919681 -919681
921600 -921600
923521 -923521
925444 -925444
927369 -927369
929296 -929296
931225 -931225
933156 -933156
935089 -935089
937024 -937024
938961 -938961
940900 -940900
942841 -942841
944784 -944784
946729 -946729
948676 -948676
950625 -950625
952576 -952576
954529 -954529
956484 -956484
958441 -958441
960400 -960400
962361 -962361
964324 -964324
966289 -966289
968256 -968256
970225 -970225
972196 -972196
974169 -974169
976144 -976144
978121 -978121
980100 -980100
982081 -982081
984064 -984064
986049 -986049
988036 -988036
990025 -990025
992016 -992016
994009 -994009
996004 -996004
998001 -998001
1000000 -1000000
1002001 -1002001
1004004 -1004004
1006009 -1006009
1008016 -1008016
1010025 -1010025
1012036 -1012036
1014049 -1014049
1016064 -1016064
1018081 -1018081
1020100 -1020100
1022121 -1022121
1024144 -1024144
1026169 -1026169
1028196 -1028196
1030225 -1030225
1032256 -1032256
1034289 -1034289
1036324 -1036324
1038361 -1038361
1040400 -1040400
1042441 -1042441
1044484 -1044484
1046529 -1046529
1048576 -1048576
1050625 -1050625
1052676 -1052676
1054729 -1054729
1056784 -1056784
1058841 -1058841
1060900 -1060900
1062961 -1062961
1065024 -1065024
1067089 -1067089
1069156 -1069156
1071225 -1071225
1073296 -1073296
1075369 -1075369
1077444 -1077444
1079521 -1079521
1081600 -1081600
1083681 -1083681
1085764 -1085764
1087849 -1087849
1089936 -1089936
1092025 -1092025
1094116 -1094116
1096209 -1096209
1098304 -1098304
1100401 -1100401
1102500 -1102500
1104601 -1104601
1106704 -1106704
1108809 -1108809
1110916 -1110916
1113025 -1113025
1115136 -1115136
1117249 -1117249
1119364 -1119364
1121481 -1121481
1123600 -1123600
1125721 -1125721
1127844 -1127844
1129969 -1129969
1132096 -1132096
1134225 -1134225
1136356 -1136356
1138489 -1138489
1140624 -1140624
1142761 -1142761
1144900 -1144900
1147041 -1147041
1149184 -1149184
1151329 -1151329
1153476 -1153476
1155625 -1155625
1157776 -1157776
1159929 -1159929
1162084 -1162084
1164241 -1164241
1166400 -1166400
1168561 -1168561
1170724 -1170724
1172889 -1172889
1175056 -1175056
1177225 -1177225
1179396 -1179396
1181569 -1181569
1183744 -1183744
1185921 -1185921
1188100 -1188100
1190281 -1190281
1192464 -1192464
1194649 -1194649
1196836 -1196836
1199025 -1199025
1201216 -1201216
1203409 -1203409
1205604 -1205604
1207801 -1207801
1210000 -1210000
1212201 -1212201
1214404 -1214404
1216609 -1216609
1218816 -1218816
1221025 -1221025
1223236 -1223236
1225449 -1225449
1227664 -1227664
1229881 -1229881
1232100 -1232100
1234321 -1234321
1236544 -1236544
1238769 -1238769
1240996 -1240996
1243225 -1243225
1245456 -1245456
1247689 -1247689
1249924 -1249924
1252161 -1252161
1254400 -1254400
1256641 -1256641
1258884 -1258884
1261129 -1261129
1263376 -1263376
1265625 -1265625
1267876 -1267876
1270129 -1270129
1272384 -1272384
1274641 -1274641
1276900 -1276900
1279161 -1279161
1281424 -1281424
1283689 -1283689
1285956 -1285956
1288225 -1288225
1290496 -1290496
1292769 -1292769
1295044 -1295044
1297321 -1297321
1299600 -1299600
1301881 -1301881
1304164 -1304164
1306449 -1306449
1308736 -1308736
1311025 -1311025
1313316 -1313316
1315609 -1315609
1317904 -1317904
1320201 -1320201
1322500 -1322500
1324801 -1324801
1327104 -1327104
1329409 -1329409
1331716 -1331716
1334025 -1334025
1336336 -1336336
1338649 -1338649
1340964 -1340964
1343281 -1343281
1345600 -1345600
1347921 -1347921
1350244 -1350244
1352569 -1352569
1354896 -1354896
1357225 -1357225
1359556 -1359556
1361889 -1361889
1364224 -1364224
1366561 -1366561
1368900 -1368900
1371241 -1371241
1373584 -1373584
1375929 -1375929
1378276 -1378276
1380625 -1380625
1382976 -1382976
1385329 -1385329
1387684 -1387684
1390041 -1390041
1392400 -1392400
1394761 -1394761
1397124 -1397124
1399489 -1399489
1401856 -1401856
1404225 -1404225
1406596 -1406596
1408969 -1408969
1411344 -1411344
1413721 -1413721
1416100 -1416100
1418481 -1418481
1420864 -1420864
1423249 -1423249
1425636 -1425636
1428025 -1428025
1430416 -1430416
1432809 -1432809
1435204 -1435204
1437601 -1437601
1440000 -1440000
1442401 -1442401
1444804 -1444804
1447209 -1447209
1449616 -1449616
1452025 -1452025
1454436 -1454436
1456849 -1456849
1459264 -1459264
1461681 -1461681
1464100 -1464100
1466521 -1466521
1468944 -1468944
1471369 -1471369
1473796 -1473796
1476225 -1476225
1478656 -1478656
1481089 -1481089
1483524 -1483524
1485961 -1485961
1488400 -1488400
1490841 -1490841
1493284 -1493284
1495729 -1495729
1498176 -1498176
1500625 -1500625
1503076 -1503076
1505529 -1505529
1507984 -1507984
1510441 -1510441
1512900 -1512900
1515361 -1515361
1517824 -1517824
1520289 -1520289
1522756 -1522756
1525225 -1525225
1527696 -1527696
1530169 -1530169
1532644 -1532644
1535121 -1535121
1537600 -1537600
1540081 -1540081
1542564 -1542564
1545049 -1545049
1547536 -1547536
1550025 -1550025
1552516 -1552516
1555009 -1555009
1557504 -1557504
1560001 -1560001
1562500 -1562500
1565001 -1565001
1567504 -1567504
1570009 -1570009
1572516 -1572516
1575025 -1575025
1577536 -1577536
1580049 -1580049
1582564 -1582564
1585081 -1585081
1587600 -1587600
1590121 -1590121
1592644 -1592644
1595169 -1595169
1597696 -1597696
1600225 -1600225
1602756 -1602756
1605289 -1605289
1607824 -1607824
1610361 -1610361
1612900 -1612900
1615441 -1615441
1617984 -1617984
1620529 -1620529
1623076 -1623076
1625625 -1625625
1628176 -1628176
1630729 -1630729
1633284 -1633284
1635841 -1635841
1638400 -1638400
1640961 -1640961
1643524 -1643524
1646089 -1646089
1648656 -1648656
1651225 -1651225
1653796 -1653796
1656369 -1656369
1658944 -1658944
1661521 -1661521
1664100 -1664100
1666681 -1666681
1669264 -1669264
1671849 -1671849
1674436 -1674436
1677025 -1677025
1679616 -1679616
1682209 -1682209
1684804 -1684804
1687401 -1687401
1690000 -1690000
1692601 -1692601
1695204 -1695204
1697809 -1697809
1700416 -1700416
1703025 -1703025
1705636 -1705636
1708249 -1708249
1710864 -1710864
1713481 -1713481
1716100 -1716100
1718721 -1718721
1721344 -1721344
1723969 -1723969
1726596 -1726596
1729225 -1729225
1731856 -1731856
1734489 -1734489
1737124 -1737124
1739761 -1739761
1742400 -1742400
1745041 -1745041
1747684 -1747684
1750329 -1750329
1752976 -1752976
1755625 -1755625
1758276 -1758276
1760929 -1760929
1763584 -1763584
1766241 -1766241
1768900 -1768900
1771561 -1771561
1774224 -1774224
1776889 -1776889
1779556 -1779556
1782225 -1782225
1784896 -1784896
1787569 -1787569
1790244 -1790244
1792921 -1792921
1795600 -1795600
1798281 -1798281
1800964 -1800964
1803649 -1803649
1806336 -1806336
1809025 -1809025
1811716 -1811716
1814409 -1814409
1817104 -1817104
1819801 -1819801
1822500 -1822500
1825201 -1825201
1827904 -1827904
1830609 -1830609
1833316 -1833316
1836025 -1836025
1838736 -1838736
1841449 -1841449
1844164 -1844164
1846881 -1846881
1849600 -1849600
1852321 -1852321
1855044 -1855044
1857769 -1857769
1860496 -1860496
1863225 -1863225
1865956 -1865956
1868689 -1868689
1871424 -1871424
1874161 -1874161
1876900 -1876900
1879641 -1879641
1882384 -1882384
1885129 -1885129
1887876 -1887876
1890625 -1890625
1893376 -1893376
1896129 -1896129
1898884 -1898884
1901641 -1901641
1904400 -1904400
1907161 -1907161
1909924 -1909924
1912689 -1912689
1915456 -1915456
1918225 -1918225
1920996 -1920996
1923769 -1923769
1926544 -1926544
1929321 -1929321
1932100 -1932100
1934881 -1934881
1937664 -1937664
1940449 -1940449
1943236 -1943236
1946025 -1946025
1948816 -1948816
1951609 -1951609
1954404 -1954404
1957201 -1957201
1960000 -1960000
1962801 -1962801
1965604 -1965604
1968409 -1968409
1971216 -1971216
1974025 -1974025
1976836 -1976836
1979649 -1979649
1982464 -1982464
1985281 -1985281
1988100 -1988100
1990921 -1990921
1993744 -1993744
1996569 -1996569
1999396 -1999396
2002225 -2002225
2005056 -2005056
2007889 -2007889
2010724 -2010724
2013561 -2013561
2016400 -2016400
2019241 -2019241
2022084 -2022084
2024929 -2024929
2027776 -2027776
2030625 -2030625
2033476 -2033476
2036329 -2036329
2039184 -2039184
2042041 -2042041
2044900 -2044900
2047761 -2047761
2050624 -2050624
2053489 -2053489
2056356 -2056356
2059225 -2059225
2062096 -2062096
2064969 -2064969
2067844 -2067844
2070721 -2070721
2073600 -2073600
2076481 -2076481
2079364 -2079364
2082249 -2082249
2085136 -2085136
2088025 -2088025
2090916 -2090916
2093809 -2093809
2096704 -2096704
2099601 -2099601
2102500 -2102500
2105401 -2105401
2108304 -2108304
2111209 -2111209
2114116 -2114116
2117025 -2117025
2119936 -2119936
2122849 -2122849
2125764 -2125764
2128681 -2128681
2131600 -2131600
2134521 -2134521
2137444 -2137444
2140369 -2140369
2143296 -2143296
2146225 -2146225
2149156 -2149156
2152089 -2152089
2155024 -2155024
2157961 -2157961
2160900 -2160900
2163841 -2163841
2166784 -2166784
2169729 -2169729
2172676 -2172676
2175625 -2175625
2178576 -2178576
2181529 -2181529
2184484 -2184484
2187441 -2187441
2190400 -2190400
2193361 -2193361
2196324 -2196324
2199289 -2199289
2202256 -2202256
2205225 -2205225
2208196 -2208196
2211169 -2211169
2214144 -2214144
2217121 -2217121
2220100 -2220100
2223081 -2223081
2226064 -2226064
2229049 -2229049
2232036 -2232036
2235025 -2235025
2238016 -2238016
2241009 -2241009
2244004 -2244004
2247001 -2247001
2250000 -2250000
2253001 -2253001
2256004 -2256004
2259009 -2259009
2262016 -2262016
2265025 -2265025
2268036 -2268036
2271049 -2271049
2274064 -2274064
2277081 -2277081
2280100 -2280100
2283121 -2283121
2286144 -2286144
2289169 -2289169
2292196 -2292196
2295225 -2295225
2298256 -2298256
2301289 -2301289
2304324 -2304324
2307361 -2307361
2310400 -2310400
2313441 -2313441
2316484 -2316484
2319529 -2319529
2322576 -2322576
2325625 -2325625
2328676 -2328676
2331729 -2331729
2334784 -2334784
2337841 -2337841
2340900 -2340900
2343961 -2343961
2347024 -2347024
2350089 -2350089
2353156 -2353156
2356225 -2356225
2359296 -2359296
2362369 -2362369
2365444 -2365444
2368521 -2368521
2371600 -2371600
2374681 -2374681
2377764 -2377764
2380849 -2380849
2383936 -2383936
2387025 -2387025
2390116 -2390116
2393209 -2393209
2396304 -2396304
2399401 -2399401
2402500 -2402500
2405601 -2405601
2408704 -2408704
2411809 -2411809
2414916 -2414916
2418025 -2418025
2421136 -2421136
2424249 -2424249
2427364 -2427364
2430481 -2430481
2433600 -2433600
2436721 -2436721
2439844 -2439844
2442969 -2442969
2446096 -2446096
2449225 -2449225
2452356 -2452356
2455489 -2455489
2458624 -2458624
2461761 -2461761
2464900 -2464900
2468041 -2468041
2471184 -2471184
2474329 -2474329
2477476 -2477476
2480625 -2480625
2483776 -2483776
2486929 -2486929
2490084 -2490084
2493241 -2493241
2496400 -2496400
2499561 -2499561
2502724 -2502724
2505889 -2505889
2509056 -2509056
2512225 -2512225
2515396 -2515396
2518569 -2518569
2521744 -2521744
2524921 -2524921
2528100 -2528100
2531281 -2531281
2534464 -2534464
2537649 -2537649
2540836 -2540836
2544025 -2544025
2547216 -2547216
2550409 -2550409
2553604 -2553604
2556801 -2556801
2560000 -2560000
2563201 -2563201
2566404 -2566404
2569609 -2569609
2572816 -2572816
2576025 -2576025
2579236 -2579236
2582449 -2582449
2585664 -2585664
2588881 -2588881
2592100 -2592100
2595321 -2595321
2598544 -2598544
2601769 -2601769
2604996 -2604996
2608225 -2608225
2611456 -2611456
2614689 -2614689
2617924 -2617924
2621161 -2621161
2624400 -2624400
2627641 -2627641
2630884 -2630884
2634129 -2634129
2637376 -2637376
2640625 -2640625
2643876 -2643876
2647129 -2647129
2650384 -2650384
2653641 -2653641
2656900 -2656900
2660161 -2660161
2663424 -2663424
2666689 -2666689
2669956 -2669956
2673225 -2673225
2676496 -2676496
2679769 -2679769
2683044 -2683044
2686321 -2686321
2689600 -2689600
2692881 -2692881
2696164 -2696164
2699449 -2699449
2702736 -2702736
2706025 -2706025
2709316 -2709316
2712609 -2712609
2715904 -2715904
2719201 -2719201
2722500 -2722500
2725801 -2725801
2729104 -2729104
2732409 -2732409
2735716 -2735716
2739025 -2739025
2742336 -2742336
2745649 -2745649
2748964 -2748964
2752281 -2752281
2755600 -2755600
2758921 -2758921
2762244 -2762244
2765569 -2765569
2768896 -2768896
2772225 -2772225
2775556 -2775556
2778889 -2778889
2782224 -2782224
2785561 -2785561
2788900 -2788900
2792241 -2792241
2795584 -2795584
2798929 -2798929
2802276 -2802276
2805625 -2805625
2808976 -2808976
2812329 -2812329
2815684 -2815684
2819041 -2819041
2822400 -2822400
2825761 -2825761
2829124 -2829124
2832489 -2832489
2835856 -2835856
2839225 -2839225
2842596 -2842596
2845969 -2845969
2849344 -2849344
2852721 -2852721
2856100 -2856100
2859481 -2859481
2862864 -2862864
2866249 -2866249
2869636 -2869636
2873025 -2873025
2876416 -2876416
2879809 -2879809
2883204 -2883204
2886601 -2886601
2890000 -2890000
2893401 -2893401
2896804 -2896804
2900209 -2900209
2903616 -2903616
2907025 -2907025
2910436 -2910436
2913849 -2913849
2917264 -2917264
2920681 -2920681
2924100 -2924100
2927521 -2927521
2930944 -2930944
2934369 -2934369
2937796 -2937796
2941225 -2941225
2944656 -2944656
2948089 -2948089
2951524 -2951524
2954961 -2954961
2958400 -2958400
2961841 -2961841
2965284 -2965284
2968729 -2968729
2972176 -2972176
2975625 -2975625
2979076 -2979076
2982529 -2982529
2985984 -2985984
2989441 -2989441
2992900 -2992900
2996361 -2996361
2999824 -2999824
3003289 -3003289
3006756 -3006756
3010225 -3010225
3013696 -3013696
3017169 -3017169
3020644 -3020644
3024121 -3024121
3027600 -3027600
3031081 -3031081
3034564 -3034564
3038049 -3038049
3041536 -3041536
3045025 -3045025
3048516 -3048516
3052009 -3052009
3055504 -3055504
3059001 -3059001
3062500 -3062500
3066001 -3066001
3069504 -3069504
3073009 -3073009
3076516 -3076516
3080025 -3080025
3083536 -3083536
3087049 -3087049
3090564 -3090564
3094081 -3094081
3097600 -3097600
3101121 -3101121
3104644 -3104644
3108169 -3108169
3111696 -3111696
3115225 -3115225
3118756 -3118756
3122289 -3122289
3125824 -3125824
3129361 -3129361
3132900 -3132900
3136441 -3136441
3139984 -3139984
3143529 -3143529
3147076 -3147076
3150625 -3150625
3154176 -3154176
3157729 -3157729
3161284 -3161284
3164841 -3164841
3168400 -3168400
3171961 -3171961
3175524 -3175524
3179089 -3179089
3182656 -3182656
3186225 -3186225
3189796 -3189796
3193369 -3193369
3196944 -3196944
3200521 -3200521
3204100 -3204100
3207681 -3207681
3211264 -3211264
3214849 -3214849
3218436 -3218436
3222025 -3222025
3225616 -3225616
3229209 -3229209
3232804 -3232804
3236401 -3236401
3240000 -3240000
3243601 -3243601
3247204 -3247204
3250809 -3250809
3254416 -3254416
3258025 -3258025
3261636 -3261636
3265249 -3265249
3268864 -3268864
3272481 -3272481
3276100 -3276100
3279721 -3279721
3283344 -3283344
3286969 -3286969
3290596 -3290596
3294225 -3294225
3297856 -3297856
3301489 -3301489
3305124 -3305124
3308761 -3308761
3312400 -3312400
3316041 -3316041
3319684 -3319684
3323329 -3323329
3326976 -3326976
3330625 -3330625
3334276 -3334276
3337929 -3337929
3341584 -3341584
3345241 -3345241
3348900 -3348900
3352561 -3352561
3356224 -3356224
3359889 -3359889
3363556 -3363556
3367225 -3367225
3370896 -3370896
3374569 -3374569
3378244 -3378244
3381921 -3381921
3385600 -3385600
3389281 -3389281
3392964 -3392964
3396649 -3396649
3400336 -3400336
3404025 -3404025
3407716 -3407716
3411409 -3411409
3415104 -3415104
3418801 -3418801
3422500 -3422500
3426201 -3426201
3429904 -3429904
3433609 -3433609
3437316 -3437316
3441025 -3441025
3444736 -3444736
3448449 -3448449
3452164 -3452164
3455881 -3455881
3459600 -3459600
3463321 -3463321
3467044 -3467044
3470769 -3470769
3474496 -3474496
3478225 -3478225
3481956 -3481956
3485689 -3485689
3489424 -3489424
3493161 -3493161
3496900 -3496900
3500641 -3500641
3504384 -3504384
3508129 -3508129
3511876 -3511876
3515625 -3515625
3519376 -3519376
3523129 -3523129
3526884 -3526884
3530641 -3530641
3534400 -3534400
3538161 -3538161
3541924 -3541924
3545689 -3545689
3549456 -3549456
3553225 -3553225
3556996 -3556996
3560769 -3560769
3564544 -3564544
3568321 -3568321
3572100 -3572100
3575881 -3575881
3579664 -3579664
3583449 -3583449
3587236 -3587236
3591025 -3591025
3594816 -3594816
3598609 -3598609
3602404 -3602404
3606201 -3606201
3610000 -3610000
3613801 -3613801
3617604 -3617604
3621409 -3621409
3625216 -3625216
3629025 -3629025
3632836 -3632836
3636649 -3636649
3640464 -3640464
3644281 -3644281
3648100 -3648100
3651921 -3651921
3655744 -3655744
3659569 -3659569
3663396 -3663396
3667225 -3667225
3671056 -3671056
3674889 -3674889
3678724 -3678724
3682561 -3682561
3686400 -3686400
3690241 -3690241
3694084 -3694084
3697929 -3697929
3701776 -3701776
3705625 -3705625
3709476 -3709476
3713329 -3713329
3717184 -3717184
3721041 -3721041
3724900 -3724900
3728761 -3728761
3732624 -3732624
3736489 -3736489
3740356 -3740356
3744225 -3744225
3748096 -3748096
3751969 -3751969
3755844 -3755844
3759721 -3759721
3763600 -3763600
3767481 -3767481
3771364 -3771364
3775249 -3775249
3779136 -3779136
3783025 -3783025
3786916 -3786916
3790809 -3790809
3794704 -3794704
3798601 -3798601
3802500 -3802500
3806401 -3806401
3810304 -3810304
3814209 -3814209
3818116 -3818116
3822025 -3822025
3825936 -3825936
3829849 -3829849
3833764 -3833764
3837681 -3837681
3841600 -3841600
3845521 -3845521
3849444 -3849444
3853369 -3853369
3857296 -3857296
3861225 -3861225
3865156 -3865156
3869089 -3869089
3873024 -3873024
3876961 -3876961
3880900 -3880900
3884841 -3884841
3888784 -3888784
3892729 -3892729
3896676 -3896676
3900625 -3900625
3904576 -3904576
3908529 -3908529
3912484 -3912484
3916441 -3916441
3920400 -3920400
3924361 -3924361
3928324 -3928324
3932289 -3932289
3936256 -3936256
3940225 -3940225
3944196 -3944196
3948169 -3948169
3952144 -3952144
3956121 -3956121
3960100 -3960100
3964081 -3964081
3968064 -3968064
3972049 -3972049
3976036 -3976036
3980025 -3980025
3984016 -3984016
3988009 -3988009
3992004 -3992004
3996001 -3996001
4000000 -4000000
4004001 -4004001
4008004 -4008004
4012009 -4012009
4016016 -4016016
4020025 -4020025
4024036 -4024036
4028049 -4028049
4032064 -4032064
4036081 -4036081
4040100 -4040100
4044121 -4044121
4048144 -4048144
4052169 -4052169
4056196 -4056196
4060225 -4060225
4064256 -4064256
4068289 -4068289
4072324 -4072324
4076361 -4076361
4080400 -4080400
4084441 -4084441
4088484 -4088484
4092529 -4092529
4096576 -4096576
4100625 -4100625
4104676 -4104676
4108729 -4108729
4112784 -4112784
4116841 -4116841
4120900 -4120900
4124961 -4124961
4129024 -4129024
4133089 -4133089
4137156 -4137156
4141225 -4141225
4145296 -4145296
4149369 -4149369
4153444 -4153444
4157521 -4157521
4161600 -4161600
4165681 -4165681
4169764 -4169764
4173849 -4173849
4177936 -4177936
4182025 -4182025
4186116 -4186116
4190209 -4190209
4194304 -4194304
4198401 -4198401
4202500 -4202500
4206601 -4206601
4210704 -4210704
4214809 -4214809
4218916 -4218916
4223025 -4223025
4227136 -4227136
4231249 -4231249
4235364 -4235364
4239481 -4239481
4243600 -4243600
4247721 -4247721
4251844 -4251844
4255969 -4255969
4260096 -4260096
4264225 -4264225
4268356 -4268356
4272489 -4272489
4276624 -4276624
4280761 -4280761
4284900 -4284900
4289041 -4289041
4293184 -4293184
4297329 -4297329
4301476 -4301476
4305625 -4305625
4309776 -4309776
4313929 -4313929
4318084 -4318084
4322241 -4322241
4326400 -4326400
4330561 -4330561
4334724 -4334724
4338889 -4338889
4343056 -4343056
4347225 -4347225
4351396 -4351396
4355569 -4355569
4359744 -4359744
4363921 -4363921
4368100 -4368100
4372281 -4372281
4376464 -4376464
4380649 -4380649
4384836 -4384836
4389025 -4389025
4393216 -4393216
4397409 -4397409
4401604 -4401604
4405801 -4405801
4410000 -4410000
4414201 -4414201
4418404 -4418404
4422609 -4422609
4426816 -4426816
4431025 -4431025
4435236 -4435236
4439449 -4439449
4443664 -4443664
4447881 -4447881
4452100 -4452100
4456321 -4456321
4460544 -4460544
4464769 -4464769
4468996 -4468996
4473225 -4473225
4477456 -4477456
4481689 -4481689
4485924 -4485924
4490161 -4490161
4494400 -4494400
4498641 -4498641
4502884 -4502884
4507129 -4507129
4511376 -4511376
4515625 -4515625
4519876 -4519876
4524129 -4524129
4528384 -4528384
4532641 -4532641
4536900 -4536900
4541161 -4541161
4545424 -4545424
4549689 -4549689
4553956 -4553956
4558225 -4558225
4562496 -4562496
4566769 -4566769
4571044 -4571044
4575321 -4575321
4579600 -4579600
4583881 -4583881
4588164 -4588164
4592449 -4592449
4596736 -4596736
4601025 -4601025
4605316 -4605316
4609609 -4609609
4613904 -4613904
4618201 -4618201
4622500 -4622500
4626801 -4626801
4631104 -4631104
4635409 -4635409
4639716 -4639716
4644025 -4644025
4648336 -4648336
4652649 -4652649
4656964 -4656964
4661281 -4661281
4665600 -4665600
4669921 -4669921
4674244 -4674244
4678569 -4678569
4682896 -4682896
4687225 -4687225
4691556 -4691556
4695889 -4695889
4700224 -4700224
4704561 -4704561
4708900 -4708900
4713241 -4713241
4717584 -4717584
4721929 -4721929
4726276 -4726276
4730625 -4730625
4734976 -4734976
4739329 -4739329
4743684 -4743684
4748041 -4748041
4752400 -4752400
4756761 -4756761
4761124 -4761124
4765489 -4765489
4769856 -4769856
4774225 -4774225
4778596 -4778596
4782969 -4782969
4787344 -4787344
4791721 -4791721
4796100 -4796100
4800481 -4800481
4804864 -4804864
4809249 -4809249
4813636 -4813636
4818025 -4818025
4822416 -4822416
4826809 -4826809
4831204 -4831204
4835601 -4835601
4840000 -4840000
4844401 -4844401
4848804 -4848804
4853209 -4853209
4857616 -4857616
4862025 -4862025
4866436 -4866436
4870849 -4870849
4875264 -4875264
4879681 -4879681
4884100 -4884100
4888521 -4888521
4892944 -4892944
4897369 -4897369
4901796 -4901796
4906225 -4906225
4910656 -4910656
4915089 -4915089
4919524 -4919524
4923961 -4923961
4928400 -4928400
4932841 -4932841
4937284 -4937284
4941729 -4941729
4946176 -4946176
4950625 -4950625
4955076 -4955076
4959529 -4959529
4963984 -4963984
4968441 -4968441
4972900 -4972900
4977361 -4977361
4981824 -4981824
4986289 -4986289
4990756 -4990756
4995225 -4995225
4999696 -4999696
5004169 -5004169
5008644 -5008644
5013121 -5013121
5017600 -5017600
5022081 -5022081
5026564 -5026564
5031049 -5031049
5035536 -5035536
5040025 -5040025
5044516 -5044516
5049009 -5049009
5053504 -5053504
5058001 -5058001
5062500 -5062500
5067001 -5067001
5071504 -5071504
5076009 -5076009
5080516 -5080516
5085025 -5085025
5089536 -5089536
5094049 -5094049
5098564 -5098564
5103081 -5103081
5107600 -5107600
5112121 -5112121
5116644 -5116644
5121169 -5121169
5125696 -5125696
5130225 -5130225
5134756 -5134756
5139289 -5139289
5143824 -5143824
5148361 -5148361
5152900 -5152900
5157441 -5157441
5161984 -5161984
5166529 -5166529
5171076 -5171076
5175625 -5175625
5180176 -5180176
5184729 -5184729
5189284 -5189284
5193841 -5193841
5198400 -5198400
5202961 -5202961
5207524 -5207524
5212089 -5212089
5216656 -5216656
5221225 -5221225
5225796 -5225796
5230369 -5230369
5234944 -5234944
5239521 -5239521
5244100 -5244100
5248681 -5248681
5253264 -5253264
5257849 -5257849
5262436 -5262436
5267025 -5267025
5271616 -5271616
5276209 -5276209
5280804 -5280804
5285401 -5285401
5290000 -5290000
5294601 -5294601
5299204 -5299204
5303809 -5303809
5308416 -5308416
5313025 -5313025
5317636 -5317636
5322249 -5322249
5326864 -5326864
5331481 -5331481
5336100 -5336100
5340721 -5340721
5345344 -5345344
5349969 -5349969
5354596 -5354596
5359225 -5359225
5363856 -5363856
5368489 -5368489
5373124 -5373124
5377761 -5377761
5382400 -5382400
5387041 -5387041
5391684 -5391684
5396329 -5396329
5400976 -5400976
5405625 -5405625
5410276 -5410276
5414929 -5414929
5419584 -5419584
5424241 -5424241
5428900 -5428900
5433561 -5433561
5438224 -5438224
5442889 -5442889
5447556 -5447556
5452225 -5452225
5456896 -5456896
5461569 -5461569
5466244 -5466244
5470921 -5470921
5475600 -5475600
5480281 -5480281
5484964 -5484964
5489649 -5489649
5494336 -5494336
5499025 -5499025
5503716 -5503716
5508409 -5508409
5513104 -5513104
5517801 -5517801
5522500 -5522500
5527201 -5527201
5531904 -5531904
5536609 -5536609
5541316 -5541316
5546025 -5546025
5550736 -5550736
5555449 -5555449
5560164 -5560164
5564881 -5564881
5569600 -5569600
5574321 -5574321
5579044 -5579044
5583769 -5583769
5588496 -5588496
5593225 -5593225
5597956 -5597956
5602689 -5602689
5607424 -5607424
5612161 -5612161
5616900 -5616900
5621641 -5621641
5626384 -5626384
5631129 -5631129
5635876 -5635876
5640625 -5640625
5645376 -5645376
5650129 -5650129
5654884 -5654884
5659641 -5659641
5664400 -5664400
5669161 -5669161
5673924 -5673924
5678689 -5678689
5683456 -5683456
5688225 -5688225
5692996 -5692996
5697769 -5697769
5702544 -5702544
5707321 -5707321
5712100 -5712100
5716881 -5716881
5721664 -5721664
5726449 -5726449
5731236 -5731236
5736025 -5736025
5740816 -5740816
5745609 -5745609
5750404 -5750404
5755201 -5755201
5760000 -5760000
5764801 -5764801
5769604 -5769604
5774409 -5774409
5779216 -5779216
5784025 -5784025
5788836 -5788836
5793649 -5793649
5798464 -5798464
5803281 -5803281
5808100 -5808100
5812921 -5812921
5817744 -5817744
5822569 -5822569
5827396 -5827396
5832225 -5832225
5837056 -5837056
5841889 -5841889
5846724 -5846724
5851561 -5851561
5856400 -5856400
5861241 -5861241
5866084 -5866084
5870929 -5870929
5875776 -5875776
5880625 -5880625
5885476 -5885476
5890329 -5890329
5895184 -5895184
5900041 -5900041
5904900 -5904900
5909761 -5909761
5914624 -5914624
5919489 -5919489
5924356 -5924356
5929225 -5929225
5934096 -5934096
5938969 -5938969
5943844 -5943844
5948721 -5948721
5953600 -5953600
5958481 -5958481
5963364 -5963364
5968249 -5968249
5973136 -5973136
5978025 -5978025
5982916 -5982916
5987809 -5987809
5992704 -5992704
5997601 -5997601
6002500 -6002500
6007401 -6007401
6012304 -6012304
6017209 -6017209
6022116 -6022116
6027025 -6027025
6031936 -6031936
6036849 -6036849
6041764 -6041764
6046681 -6046681
6051600 -6051600
6056521 -6056521
6061444 -6061444
6066369 -6066369
6071296 -6071296
6076225 -6076225
6081156 -6081156
6086089 -6086089
6091024 -6091024
6095961 -6095961
6100900 -6100900
6105841 -6105841
6110784 -6110784
6115729 -6115729
6120676 -6120676
6125625 -6125625
6130576 -6130576
6135529 -6135529
6140484 -6140484
6145441 -6145441
6150400 -6150400
6155361 -6155361
6160324 -6160324
6165289 -6165289
6170256 -6170256
6175225 -6175225
6180196 -6180196
6185169 -6185169
6190144 -6190144
6195121 -6195121
6200100 -6200100
6205081 -6205081
6210064 -6210064
6215049 -6215049
6220036 -6220036
6225025 -6225025
6230016 -6230016
6235009 -6235009
6240004 -6240004
6245001 -6245001
6250000 -6250000
37 100001
100001 37
